0 2.258 4.15 4.442 4.683 3.333 4.567 4.433 5.2 5.242 7.225 3.667 2.642 3.133 3.967 3.292 3.575 3.967 4.183 3.558 3.608 5.175 4.683 4.683 4.917 5.042 4.758 2.5 1.842 1.35 3.508 1.892 1.842 4.508 3.8 1.192
2.258 0 2.317 2.542 5.4 4.15 5.333 5.175 5.967 6.217 8.2 5.333 4.217 4.567 5.342 4.933 5.017 5.525 5.583 5.017 5.633 7.183 6.692 6.692 6.933 7.05 6.775 3.375 4.125 3.625 5.292 2.725 3.308 6.525 1.917 3.45
4.15 2.317 0 0.25 3.0 1.758 2.933 2.767 3.575 3.875 5.858 2.975 2.975 4.217 5.0 4.575 4.667 3.542 5.242 4.667 5.808 7.317 6.825 6.825 7.067 7.183 6.908 5.633 5.092 4.592 5.5 4.95 2.967 6.65 0.767 4.417
4.442 2.542 0.25 0 3.025 1.783 2.883 2.725 3.6 3.808 5.792 2.908 2.858 4.142 4.917 4.908 4.592 3.475 5.158 4.592 6.15 7.642 7.158 7.158 7.392 7.517 7.233 5.942 5.4 4.892 5.85 5.25 2.883 6.983 0.875 4.725
4.683 5.4 3.0 3.025 0 1.308 1.867 0.342 1.233 3.333 5.317 2.233 3.7 3.675 4.342 2.817 3.333 2.658 3.958 3.475 4.858 7.208 6.717 6.717 6.958 7.075 6.8 6.975 6.142 5.675 6.558 6.35 3.625 6.55 3.8 5.542
3.333 4.15 1.758 1.783 1.308 0 1.258 1.075 1.867 2.167 4.15 1.325 2.367 2.742 3.442 1.933 2.45 1.758 3.058 2.567 3.967 6.3 5.808 5.808 6.042 6.167 5.883 5.65 4.817 4.35 5.225 5.017 2.258 5.633 2.55 4.208
4.567 5.333 2.933 2.883 1.867 1.258 0 1.575 1.308 1.417 3.4 1.233 2.275 2.592 3.292 1.758 2.275 1.583 2.908 2.45 3.8 6.175 5.692 5.692 5.925 6.042 5.767 6.867 6.033 5.567 4.6 6.233 2.742 5.517 3.7 5.425
4.433 5.175 2.767 2.725 0.342 1.075 1.575 0 0.975 3.0 4.983 1.983 3.45 3.467 4.1 2.55 3.133 2.408 3.733 3.217 4.6 6.942 6.458 6.458 6.692 6.808 6.533 6.783 5.95 5.492 6.358 6.15 3.383 6.283 3.608 5.342
5.2 5.967 3.575 3.6 1.233 1.867 1.308 0.975 0 2.683 4.667 2.325 3.4 3.692 4.375 2.833 3.383 2.7 4.05 3.542 4.908 7.258 6.775 6.775 7.008 7.133 6.85 7.55 6.717 6.258 7.133 6.917 4.125 6.6 4.367 6.108
5.242 6.217 3.875 3.808 3.333 2.167 1.417 3.0 2.683 0 1.983 1.583 2.592 2.842 3.508 2.025 2.5 1.775 3.092 2.617 3.925 6.375 5.883 5.883 6.125 6.242 5.967 7.817 6.617 6.175 4.883 7.167 2.992 5.717 4.617 5.975
7.225 8.2 5.858 5.792 5.317 4.15 3.4 4.983 4.667 1.983 0 3.575 4.575 4.825 5.492 4.008 4.483 3.758 5.083 4.6 5.917 8.358 7.867 7.867 8.108 8.225 7.95 9.8 8.6 8.158 6.867 9.15 4.975 7.7 6.6 7.967
3.667 5.333 2.975 2.908 2.233 1.325 1.233 1.983 2.325 1.583 3.575 0 1.033 1.283 2.117 0.475 1.175 0.783 1.825 1.6 2.742 4.933 4.442 4.442 4.683 4.8 4.525 6.258 5.042 4.575 4.008 5.608 1.483 4.275 3.825 4.392
2.642 4.217 2.975 2.858 3.7 2.367 2.275 3.45 3.4 2.592 4.575 1.033 0 0.592 1.425 0.592 1.125 1.267 1.65 0.9 2.008 4.25 3.758 3.758 3.992 4.117 3.833 5.333 3.992 3.583 3.017 4.642 0.367 3.583 3.733 3.375
3.133 4.567 4.217 4.142 3.675 2.742 2.592 3.467 3.692 2.842 4.825 1.283 0.592 0 0.85 0.875 0.425 1.283 1.008 0.317 1.458 3.667 3.175 3.175 3.417 3.533 3.25 5.783 4.442 4.033 2.117 5.092 0.808 3.0 4.683 3.825
3.967 5.342 5.0 4.917 4.342 3.442 3.292 4.1 4.375 3.508 5.492 2.117 1.425 0.85 0 1.708 1.142 2.0 0.65 0.975 0.592 2.683 2.192 2.192 2.433 2.55 2.275 5.358 4.025 4.392 1.333 5.833 1.667 2.025 5.467 4.575
3.292 4.933 4.575 4.908 2.817 1.933 1.758 2.55 2.833 2.025 4.008 0.475 0.592 0.875 1.708 0 0.592 0.783 1.258 0.783 2.133 4.475 3.983 3.983 4.217 4.342 4.058 5.95 4.617 4.183 3.017 5.183 1.017 3.808 4.825 4.367
3.575 5.017 4.667 4.592 3.333 2.45 2.275 3.133 3.383 2.5 4.483 1.175 1.125 0.425 1.142 0.592 0 0.792 0.725 0.158 1.55 3.8 3.308 3.308 3.542 3.667 3.383 6.142 4.8 4.367 2.417 5.317 1.142 3.133 5.133 4.55
3.967 5.525 3.542 3.475 2.658 1.758 1.583 2.408 2.7 1.775 3.758 0.783 1.267 1.283 2.0 0.783 0.792 0 1.442 0.967 2.325 4.658 4.167 4.167 4.408 4.525 4.25 6.6 5.267 4.825 3.133 5.85 1.708 3.992 4.208 5.017
4.183 5.583 5.242 5.158 3.958 3.058 2.908 3.733 4.05 3.092 5.083 1.825 1.65 1.008 0.65 1.258 0.725 1.442 0 0.592 1.083 3.425 2.933 2.933 3.175 3.292 3.017 5.975 4.525 4.917 1.875 6.708 1.85 2.767 5.7 5.108
3.558 5.017 4.667 4.592 3.475 2.567 2.45 3.217 3.542 2.617 4.6 1.6 0.9 0.317 0.975 0.783 0.158 0.967 0.592 0 1.425 3.742 3.25 3.25 3.492 3.608 3.333 6.058 4.617 4.325 1.975 5.425 1.058 3.083 5.133 4.208
3.608 5.633 5.808 6.15 4.858 3.967 3.8 4.6 4.908 3.925 5.917 2.742 2.008 1.458 0.592 2.133 1.55 2.325 1.083 1.425 0 2.367 1.875 1.875 2.117 2.233 1.958 5.025 3.508 3.942 0.85 5.783 2.275 1.708 6.042 4.125
5.175 7.183 7.317 7.642 7.208 6.3 6.175 6.942 7.258 6.375 8.358 4.933 4.25 3.667 2.683 4.475 3.8 4.658 3.425 3.742 2.367 0 5 5 5 5 5 6.3 4.817 5.2 2.158 6.975 4.375 0 7.525 5.367
4.683 6.692 6.825 7.158 6.717 5.808 5.692 6.458 6.775 5.883 7.867 4.442 3.758 3.175 2.192 3.983 3.308 4.167 2.933 3.25 1.875 5 0 0 5 5 5 5.808 4.325 4.708 1.667 6.483 3.892 5 7.033 4.883
4.683 6.692 6.825 7.158 6.717 5.808 5.692 6.458 6.775 5.883 7.867 4.442 3.758 3.175 2.192 3.983 3.308 4.167 2.933 3.25 1.875 5 0 0 5 5 5 5.808 4.325 4.708 1.667 6.483 3.892 5 7.033 4.883 
4.917 6.933 7.067 7.392 6.958 6.042 5.925 6.692 7.008 6.125 8.108 4.683 3.992 3.417 2.433 4.217 3.542 4.408 3.175 3.492 2.117 5 5 5 0 5 5 6.042 4.567 4.95 1.908 6.717 4.125 5 7.275 5.117
5.042 7.05 7.183 7.517 7.075 6.167 6.042 6.808 7.133 6.242 8.225 4.8 4.117 3.533 2.55 4.342 3.667 4.525 3.292 3.608 2.233 5 5 5 5 0 5 6.167 4.683 5.067 2.025 6.842 4.25 5 7.392 5.242
4.758 6.775 6.908 7.233 6.8 5.883 5.767 6.533 6.85 5.967 7.95 4.525 3.833 3.25 2.275 4.058 3.383 4.25 3.017 3.333 1.958 5 5 5 5 5 0 5.883 4.408 4.792 1.75 6.558 3.967 5 7.117 4.958
2.5 3.375 5.633 5.942 6.975 5.65 6.867 6.783 7.55 7.817 9.8 6.258 5.333 5.783 5.358 5.95 6.142 6.6 5.975 6.058 5.025 6.3 5.808 5.808 6.042 6.167 5.883 0 1.442 1.758 4.142 0.767 4.983 5.633 5.275 1.917
1.842 4.125 5.092 5.4 6.142 4.817 6.033 5.95 6.717 6.617 8.6 5.042 3.992 4.442 4.025 4.617 4.8 5.267 4.525 4.617 3.508 4.817 4.325 4.325 4.567 4.683 4.408 1.442 0 0.492 2.658 2.183 3.65 4.15 5.317 0.65
1.35 3.625 4.592 4.892 5.675 4.35 5.567 5.492 6.258 6.175 8.158 4.575 3.583 4.033 4.392 4.183 4.367 4.825 4.917 4.325 3.942 5.2 4.708 4.708 4.95 5.067 4.792 1.758 0.492 0 3.042 2.458 3.242 4.533 4.817 0.175
3.508 5.292 5.5 5.85 6.558 5.225 4.6 6.358 7.133 4.883 6.867 4.008 3.017 2.117 1.333 3.017 2.417 3.133 1.875 1.975 0.85 2.158 1.667 1.667 1.908 2.025 1.75 4.142 2.658 3.042 0 4.817 2.675 1.492 5.783 3.217
1.892 2.725 4.95 5.25 6.35 5.017 6.233 6.15 6.917 7.167 9.15 5.608 4.642 5.092 5.833 5.183 5.317 5.85 6.708 5.425 5.783 6.975 6.483 6.483 6.717 6.842 6.558 0.767 2.183 2.458 4.817 0 4.3 6.308 4.6 2.642
1.842 3.308 2.967 2.883 3.625 2.258 2.742 3.383 4.125 2.992 4.975 1.483 0.367 0.808 1.667 1.017 1.142 1.708 1.85 1.058 2.275 4.375 3.892 3.892 4.125 4.25 3.967 4.983 3.65 3.242 2.675 4.3 0 3.717 3.425 3.025
4.508 6.525 6.65 6.983 6.55 5.633 5.517 6.283 6.6 5.717 7.7 4.275 3.583 3.0 2.025 3.808 3.133 3.992 2.767 3.083 1.708 5 5 5 5 5 5 5.633 4.15 4.533 1.492 6.308 3.717 0 6.867 4.708
3.8 1.917 0.767 0.875 3.8 2.55 3.7 3.608 4.367 4.617 6.6 3.825 3.733 4.683 5.467 4.825 5.133 4.208 5.7 5.133 6.042 7.525 7.033 7.033 7.275 7.392 7.117 5.275 5.317 4.817 5.783 4.6 3.425 6.867 0 4.642
1.192 3.45 4.417 4.725 5.542 4.208 5.425 5.342 6.108 5.975 7.967 4.392 3.375 3.825 4.575 4.367 4.55 5.017 5.108 4.208 4.125 5.367 4.883 4.883 5.117 5.242 4.958 1.917 0.65 0.175 3.217 2.642 3.025 4.708 4.642 0
